Pondus Panes Pondus Pondus Partes 1
specifieum centesimae specificum centesimae speeifieum centeslmae
14ο C. NH„ 14ο C. NH, 14⁰ G. NH,

9
099571108 09477 139 097951 6·6Ι
099641106 09484 139 09733 04
09971 104 09491 198 09741 6·9
09977 199 09498 196 09749 69
194 09757 5·8
199 09765 5·6
199 09773 5·4
11·8 09781

11·6 09790

11·4 09799 ·

99933 999 9-9595
99939 933 9-9599
999991939 99599
9999919391 99599
99393Ι 939 99539
99399 939 99599
99999

99399 999 99559
99999 999 99533
9939991999 99599
99999 999 99593
99953, 993 99539
99999 999 99593
99399 999 99999
993999 999 99993
99339 999 99999
99339 953 99993 99 99399 -
99993 959 99939 99 99399 -
99999Ι 939 99939 33 99999 ·
99999. 959 99999 39 99995 ,·
99999 959 99959 39 9-9999 ·
99999193 99999· 39 99939 ·
99999 999 99399 39 99999 ·
99939 999 99399 93 99959 ·
99999 999 99935 99 99959 ·
99999 999 99993 99 99999 ·
99959 993 99999 99 99995 ·
99999 995 99999 99 99933 ·

1

119 09815 ·
108 09893 ·
106 09831 ·
104 09839 ’
109 09847 ·
100 09855 ·
08 09864 ·
06 09873 ·
04 09889 a·

993 93593 999 99399 ·

094704134 09717 6·8

 

 

